223992.497020
67651.400395
42885.477676
29032.883653
22370.797024
20359.408373
15172.733545
13942.783872
12892.946857
10689.794909
10105.586030
9525.898032
8828.032829
7783.039757
7577.595516
7130.675665
6928.129907
6652.185461
6452.400441
6375.567462
6139.523035
5915.384432
5734.995739
5488.687123
5438.076859
5361.333311
5198.758974
5096.449005
5054.786111
5013.317174
4842.023671
4825.876272
4758.767359
4597.836467
4497.531398
4470.146872
4401.240264
4338.474621
4216.072636
4190.859019
4141.777400
4080.513573
4055.147374
3993.253537
3975.992442
3904.188739
3893.750266
3837.470379
3775.364594
3741.847565
